// -*- C++ -*-
// File generated by PyFoam - sorry for the ugliness

TuValues
  (
    300
    400
    500
    600
    700
    800
    900
    1000
    1100
    1200
    1300
    1400
  );

egrValues
  (
    0.0
    0.05
    0.1
    0.15
    0.2
    0.25
    0.3
    0.35
    0.4
    0.45
    0.5
    0.55
    0.6
  );

eqvrValues
  (
    0.2
    0.3
    0.4
    0.5
    0.6
    0.7
    0.8
    0.9
    1.0
    1.1
    1.2
    1.3
    1.4
    1.5
    1.6
    1.7
    1.8
    1.9
    2.0
  );

pValues
(100000 500000 1e+06 2e+06 5e+06 1e+07 1.5e+07 2e+07 3e+07);

